zero_48=[0,0,0,0,0,0,0,0,0,0,0,0,0,7,0,0,7,0,0,7,7,0,7,7,0,6,0,6,0,6,7,7,6,7,6,7,6,7,6,7,6,6,7,6,6,7,6,6,6,7,6,6,6,6,6,6,6,7,6,6,6,6,6,6,6,6,6,6,6,6,6,6,6,6,6,5,6,6,6,6,6,6,6,5,6,6,6,6,5,6,6,6,5,6,5,6,5,6,5,6,5,6,5,5,6,5,5,5,5,4,5,4,5,4,5,4,5,4,4,4,5,4,4,4,4,4,4,4,4,4,3,4,4,3,4,4,3,4,3,3,4,3,3,3,3,3,3,2,3,3,2,3,2,2,3,2,2,3,2,2,2,3,2,2,2,2,3,2,2,2,2,2,2,2,2,2,2,2,2,2,2,2,2,2,2,2,2,2,2,2,2,2,2,2,2,2,2,2,2,1,2,2,2,2,2,1,2,2,1,2,2,1,2,2,1,1,2,1,1,2,1,1,1,1,1,0,1,1,0,0,1,0,0,1,0,0,0,0,0,0,0,0,0,0,0,0,0,0,0,0,0,0,0,0,0,0,0,0,0,0,0,0,0,0,0,0,0,0,0,0,0,0,0,0,0,0,0,0,0,0,0,0,0,0,0,0,0,0,0,0,0,0,0,0,0,0,0,0,0,0,0,0,0,0,0,0,0,0,0,0,0,0,0,0,0,0,0,0,0,0,0,0,0,0,0,0,0,0,0,0,0,0,0,0,0,0,0,0,0,0,0,0,0,0,0,0,0,0,0,0,0,0,0,0,0,0,0,0,0,0,0,0,0,0,0,0,0,0,0,0,0,0,0,0,0,0,0,0,0,0,0,0,0,0,0,0,0,0,0,0,0,0,0,0,0,0,0,0,0,0,0,0,0,0,0,0,0,0,0,0,0,0,0,0,0,0,0];
zero_48_b=[0,0,0,0,0,0,0,0,0,0,0,0,0,7,0,0,0,7,0,7,0,7,7,0,6,0,6,0,6,0,6,0,6,7,6,7,6,7,6,7,6,7,6,6,7,6,6,7,6,6,6,6,6,7,6,6,6,6,6,6,6,6,6,7,6,6,6,6,6,6,6,6,6,6,5,6,6,6,6,6,6,6,6,6,5,6,6,6,6,5,6,6,6,5,6,6,5,6,5,6,5,6,5,6,5,6,5,5,5,5,5,4,5,4,5,4,5,4,4,5,4,4,5,4,4,4,4,4,4,4,4,4,3,4,4,3,4,4,3,4,3,3,4,3,3,3,3,3,3,3,2,3,2,3,2,3,2,2,3,2,2,2,3,2,2,2,2,2,3,2,2,2,2,2,2,2,2,2,2,2,2,2,2,2,2,2,2,2,2,2,2,2,2,2,2,2,2,2,2,2,2,1,2,2,2,2,1,2,2,2,1,2,2,1,2,2,1,2,1,1,2,1,1,1,1,1,1,0,1,1,0,0,1,0,0,1,0,0,0,0,0,0,0,0,0,0,0,0,0,0,0,0,0,0,0,0,0,0,0,0,0,0,0,0,0,0,0,0,0,0,0,0,0,0,0,0,0,0,0,0,0,0,0,0,0,0,0,0,0,0,0,0,0,0,0,0,0,0,0,0,0,0,0,0,0,0,0,0,0,0,0,0,0,0,0,0,0,0,0,0,0,0,0,0,0,0,0,0,0,0,0,0,0,0,0,0,0,0,0,0,0,0,0,0,0,0,0,0,0,0,0,0,0,0,0,0,0,0,0,0,0,0,0,0,0,0,0,0,0,0,0,0,0,0,0,0,0,0,0,0,0,0,0,0,0,0,0];
zero_48_bi=[0,0,0,0,0,0,0,0,0,0,0,0,7,0,0,7,0,7,0,7,7,0,6,0,6,0,6,0,6,0,6,7,6,7,6,7,6,7,6,6,7,6,6,6,6,7,6,6,6,6,6,6,6,6,6,6,6,6,5,6,6,6,6,6,6,5,6,6,6,6,5,6,6,6,5,6,6,5,6,6,5,6,6,5,6,6,5,6,5,6,5,6,5,6,5,6,5,5,6,5,5,6,5,5,5,5,4,5,5,5,4,5,4,5,4,5,4,5,4,4,4,5,4,4,4,4,4,4,4,4,3,4,4,3,4,3,4,3,4,3,3,3,3,3,3,2,3,3,2,3,2,3,2,2,2,3,2,2,2,2,2,2,2,2,2,2,3,2,2,1,2,2,2,2,2,2,2,2,2,2,1,2,2,2,2,1,2,2,2,1,2,2,2,1,2,2,1,2,2,1,2,1,2,2,1,2,1,2,1,1,2,1,1,2,1,1,1,1,1,1,1,1,1,1,0,1,0,1,0,1,0,0,1,0,0,0,0,0,0,0,0,0,0,0,0,0,0,0,0,0,0,0,0,0,0,0,0,0,0,0,0,0,0,0,0,0,0,0,0,0,0,0,0,0,0,0,0,0,0,0,0,0,0,0,0,0,0,0,0,0,0,0,0,0,0,0,0,0,0,0,0,0,0,0,0,0,0,0,0,0,0,0,0,0,0,0,0,0,0,0,0,0,0,0,0,0,0,0,0,0,0,0,0,0,0,0,0,0,0,0,0,0,0,0,0,0,0,0,0,0,0,0,0,0,0,0,0,0,0,0,0,0,0,0,0,0,0,0,0,0,0,0,0,0,0,0,0,0,0,0,0,0,0,0];
zero_48_i=[0,0,0,0,0,0,0,0,0,0,0,0,7,0,0,7,0,7,0,7,7,0,6,0,6,0,6,7,7,6,7,6,7,6,7,6,7,6,6,6,6,7,6,6,6,6,6,6,6,6,6,6,6,6,6,6,6,6,5,6,6,6,6,6,5,6,6,6,6,5,6,6,6,5,6,6,5,6,6,5,6,6,5,6,5,6,6,5,6,5,5,6,5,6,5,6,5,5,6,5,5,5,5,5,5,5,4,5,5,4,5,4,5,4,5,4,4,4,5,4,4,4,4,4,4,4,4,3,4,4,3,4,3,4,3,3,3,3,3,3,3,3,2,3,3,2,2,3,2,2,3,2,2,2,2,2,2,3,2,2,2,2,2,2,2,2,2,2,2,1,2,2,2,2,2,2,2,1,2,2,2,2,1,2,2,2,1,2,2,1,2,2,2,1,2,1,2,2,1,2,1,2,1,2,1,2,1,1,2,1,1,1,1,1,1,1,1,1,1,1,1,0,1,0,1,0,0,1,0,0,0,0,0,0,0,0,0,0,0,0,0,0,0,0,0,0,0,0,0,0,0,0,0,0,0,0,0,0,0,0,0,0,0,0,0,0,0,0,0,0,0,0,0,0,0,0,0,0,0,0,0,0,0,0,0,0,0,0,0,0,0,0,0,0,0,0,0,0,0,0,0,0,0,0,0,0,0,0,0,0,0,0,0,0,0,0,0,0,0,0,0,0,0,0,0,0,0,0,0,0,0,0,0,0,0,0,0,0,0,0,0,0,0,0,0,0,0,0,0,0,0,0,0,0,0,0,0,0,0,0,0,0,0,0,0,0,0,0,0,0,0,0,0,0,0,0,0,0,0,0,0,0,0,0,0,0,0,0,0,0,0,0,0,0,0,0,0,0,0,0,0,0,0,0,0,0,0,0,0,0,0,0,0,0];
zero_72=[0,0,0,0,0,0,0,0,0,0,0,0,0,0,0,0,0,0,0,0,0,7,0,0,7,0,0,7,0,7,7,0,7,7,0,6,0,6,0,6,0,7,7,7,6,0,6,7,6,7,7,6,7,6,7,6,7,6,6,7,6,7,6,6,7,6,6,7,6,6,6,6,7,6,6,6,6,6,7,6,6,6,6,6,6,6,7,6,6,6,6,6,6,6,6,6,6,6,6,6,6,6,6,6,6,6,6,6,6,6,6,6,6,6,6,5,6,6,6,6,6,6,5,6,6,6,6,6,5,6,6,6,5,6,6,6,5,6,6,6,5,6,5,6,5,6,5,6,5,6,5,6,5,6,5,5,5,6,5,5,5,5,4,5,5,4,5,5,4,5,4,4,5,4,5,4,4,5,4,4,4,4,5,4,4,4,4,4,4,4,4,4,3,4,4,4,4,3,4,4,4,3,4,3,4,3,4,3,4,3,3,4,3,3,3,3,3,3,2,3,3,2,3,3,2,3,3,2,3,2,2,3,2,3,2,2,2,3,2,2,2,3,2,2,2,2,3,2,2,2,2,2,2,3,2,2,2,2,2,2,2,2,2,2,2,3,2,2,2,2,2,2,2,2,2,2,2,2,2,2,2,2,2,2,2,1,2,2,2,2,2,2,2,2,2,1,2,2,2,2,2,1,2,2,2,2,1,2,2,2,1,2,2,2,1,2,2,1,2,1,2,1,2,1,2,1,1,1,2,1,1,1,1,1,1,1,1,1,0,1,0,1,0,1,0,1,0,0,0,1,0,0,0,0,0,0,0,0,0,0,0,0,0,0,0,0,0,0,0,0,0,0,0,0,0,0,0,0,0,0,0,0,0,0,0,0,0,0,0,0,0,0,0,0,0,0,0,0,0,0,0,0,0,0,0,0,0,0,0,0,0,0,0,0,0,0,0,0,0,0,0,0,0,0,0,0,0,0,0,0,0,0,0,0,0,0,0,0,0,0,0,0,0,0,0,0,0,0,0,0,0,0,0,0,0,0,0,0,0,0,0,0,0,0,0,0,0,0,0,0,0,0,0,0,0,0,0,0,0,0,0,0,0,0,0,0,0,0,0,0,0,0,0,0,0,0,0,0,0,0,0,0,0,0,0,0,0,0,0,0,0,0,0,0,0,0,0,0,0,0,0,0,0,0,0,0,0,0,0,0,0,0,0,0,0,0,0,0,0,0,0,0,0,0,0,0,0,0,0,0,0,0,0,0,0,0,0,0,0,0,0,0,0,0,0,0,0,0,0,0,0,0,0,0,0,0,0,0,0,0,0,0,0,0,0,0,0,0,0,0,0,0,0,0,0,0,0,0,0,0,0,0,0,0,0,0,0,0,0,0,0,0,0,0,0,0,0,0,0,0,0,0,0,0,0,0,0];
zero_72_b=[0,0,0,0,0,0,0,0,0,0,0,0,0,0,0,0,0,0,0,0,7,0,0,0,7,0,0,7,0,7,7,0,7,7,0,7,7,0,6,0,6,0,6,7,7,6,7,7,6,7,6,7,6,7,6,7,6,7,6,6,7,6,6,7,6,6,6,7,6,6,6,6,7,6,6,6,6,6,7,6,6,6,6,6,6,6,6,7,6,6,6,6,6,6,6,6,6,6,6,6,6,6,6,6,6,6,6,6,6,6,6,5,6,6,6,6,6,6,6,6,5,6,6,6,6,6,5,6,6,6,6,5,6,6,6,6,5,6,6,5,6,5,6,5,6,5,6,5,6,5,6,5,6,5,5,6,5,5,5,5,5,4,5,5,4,5,5,4,5,4,5,4,4,5,4,4,5,4,4,4,4,4,5,4,4,4,4,4,4,4,4,3,4,4,4,4,3,4,4,3,4,4,3,4,3,4,3,4,3,3,3,4,3,3,3,3,3,3,2,3,3,2,3,3,2,3,2,3,2,3,2,2,3,2,2,3,2,2,2,2,3,2,2,2,2,2,3,2,2,2,2,2,2,3,2,2,2,2,2,2,2,2,2,2,2,2,2,2,2,2,2,2,2,2,2,2,2,2,2,2,2,2,2,2,2,2,2,2,2,2,2,2,1,2,2,2,2,2,2,1,2,2,2,2,2,1,2,2,2,1,2,2,2,1,2,2,1,2,1,2,1,2,1,2,1,1,2,1,1,1,1,1,1,1,1,1,0,1,1,0,1,1,0,0,1,0,0,0,1,0,0,0,0,0,0,0,0,0,0,0,0,0,0,0,0,0,0,0,0,0,0,0,0,0,0,0,0,0,0,0,0,0,0,0,0,0,0,0,0,0,0,0,0,0,0,0,0,0,0,0,0,0,0,0,0,0,0,0,0,0,0,0,0,0,0,0,0,0,0,0,0,0,0,0,0,0,0,0,0,0,0,0,0,0,0,0,0,0,0,0,0,0,0,0,0,0,0,0,0,0,0,0,0,0,0,0,0,0,0,0,0,0,0,0,0,0,0,0,0,0,0,0,0,0,0,0,0,0,0,0,0,0,0,0,0,0,0,0,0,0,0,0,0,0,0,0,0,0,0,0,0,0,0,0,0,0,0,0,0,0,0,0,0,0,0,0,0,0,0,0,0,0,0,0,0,0,0,0,0,0,0,0,0,0,0,0,0,0,0,0,0,0,0,0,0,0,0,0,0,0,0,0,0,0,0,0,0,0,0,0,0,0,0,0,0,0,0,0,0,0,0,0];
zero_72_bi=[0,0,0,0,0,0,0,0,0,0,0,0,0,0,0,0,0,0,7,0,0,0,7,0,7,0,7,0,7,7,0,7,7,0,6,0,6,0,6,0,6,7,7,6,7,7,6,7,6,7,6,7,6,6,7,6,6,6,7,6,6,6,6,7,6,6,6,6,6,6,6,6,6,6,6,6,6,6,6,6,6,6,6,6,6,6,6,6,5,6,6,6,6,6,6,5,6,6,6,6,5,6,6,6,5,6,6,6,5,6,6,6,5,6,6,5,6,6,5,6,6,5,6,6,5,6,5,6,5,6,5,6,5,6,5,6,5,6,5,6,5,6,5,5,6,5,5,6,5,5,5,5,5,5,5,5,5,5,5,4,5,5,4,5,4,5,4,5,4,5,4,5,4,4,4,5,4,4,4,4,5,4,4,4,4,4,4,4,3,4,4,4,4,3,4,4,3,4,3,4,3,4,3,4,3,3,3,4,3,3,3,2,3,3,3,3,2,3,2,3,3,2,2,3,2,2,3,2,2,2,2,3,2,2,2,2,2,3,2,2,2,2,2,2,2,2,2,2,2,2,2,2,2,2,2,1,2,2,2,2,2,2,2,2,1,2,2,2,2,2,1,2,2,2,2,1,2,2,2,1,2,2,2,1,2,2,1,2,2,1,2,2,1,2,2,1,2,1,2,2,1,2,1,2,1,2,1,2,1,2,1,1,2,1,2,1,1,1,1,2,1,1,1,1,1,1,1,1,1,1,1,0,1,1,0,1,0,1,0,1,0,0,1,0,0,1,0,0,0,0,0,0,0,0,0,0,0,0,0,0,0,0,0,0,0,0,0,0,0,0,0,0,0,0,0,0,0,0,0,0,0,0,0,0,0,0,0,0,0,0,0,0,0,0,0,0,0,0,0,0,0,0,0,0,0,0,0,0,0,0,0,0,0,0,0,0,0,0,0,0,0,0,0,0,0,0,0,0,0,0,0,0,0,0,0,0,0,0,0,0,0,0,0,0,0,0,0,0,0,0,0,0,0,0,0,0,0,0,0,0,0,0,0,0,0,0,0,0,0,0,0,0,0,0,0,0,0,0,0,0,0,0,0,0,0,0,0,0,0,0,0,0,0,0,0,0,0,0,0,0,0,0,0,0,0,0,0,0,0,0,0,0,0,0,0,0,0,0,0,0,0,0,0,0,0,0,0,0,0,0,0,0,0,0,0,0,0,0,0,0,0,0,0,0,0,0,0,0,0,0,0,0,0,0,0,0,0,0,0,0,0,0,0,0,0,0,0,0,0,0,0,0,0];
